 <pre>

 Contingency table for Cloud base (m)
 Selection: ALL    651 stations
Period: 20220822-20220912
Used {All hours} + 01 02 ... 12
 Limits    70.0000000       150.000000       300.000000       600.000000       1000.00000       1500.00000       2500.00000       5000.00000    
 Each class is data <= limit, the very last > last limit
 Total number of values     2306580
                                                       OBSERVATION
                                  11793     3237     2052      944      919     1261     1612     1066     4000 |     26884
                                   2916     4608     4129     1521      771      252      163      308      444 |     15112
                                   2283     8306    14345     8276     3054      643      537      654      897 |     38995
                                   2616     6420    21798    41350    18342     3944     2128     1868     2219 |    100685
                      MNWC_ref     3212     4244    14643    46948    70680    25452     9075     6022    10391 |    190667
                                   3629     3631     9818    25179    64578   108612    44874    14197    27017 |    301535
                                   2985     3941     8312    15265    27372    46905    89181    24576    33057 |    251594
                                   2133     3954     8490    11155    15883    13359    23478    62459    19478 |    160389
                                  23814    11967    24781    52290    98494   140155   160209   120043   588966 |   1220719

                    SUM           55381    50308   108368   202928   300093   340583   331257   231193   686469 |   2306580
                                                       OBSERVATION
                                  10609     2410     1485      972      927     1393     1372      929     3955 |     24052
                                   2311     3388     3026     1685     1045      203      121      222      417 |     12418
                                   2110     7100    12073     7536     3717      730      402      533      618 |     34819
                                   2430     6078    21187    39534    20295     4969     2324     2076     2034 |    100927
                       MNWC_2h     2847     4167    13989    45556    71392    30300    10479     6640     9832 |    195202
                                   3220     3461     9821    22452    61598   109821    47960    14593    27106 |    300032
                                   3635     4304     9454    16211    27508    47700    90550    25769    34740 |    259871
                                   3011     4907     9788    13519    17285    14720    26384    64118    22592 |    176324
                                  25208    14493    27545    55463    96326   130747   151665   116313   585175 |   1202935

                    SUM           55381    50308   108368   202928   300093   340583   331257   231193   686469 |   2306580
                                                       OBSERVATION
                                  10673     2697     1731     1019      942     1258     1509      922     3826 |     24577
                                   2345     3525     3123     1623     1000      196      125      231      306 |     12474
                                   2109     7353    12281     7243     3341      744      377      513      584 |     34545
                                   2524     6052    21278    40195    20074     4829     2114     1852     2047 |    100965
                       MNWC_3h     2829     4140    14118    45462    70413    29103    10104     6408     9803 |    192380
                                   3228     3594     9718    23153    61908   109464    47642    14327    26338 |    299372
                                   3598     4362     9142    15928    27034    46871    89319    24930    33901 |    255085
                                   2646     4695     9678    12850    17366    14415    24999    63327    20695 |    170671
                                  25429    13890    27299    55455    98015   133703   155068   118683   588969 |   1216511

                    SUM           55381    50308   108368   202928   300093   340583   331257   231193   686469 |   2306580

