 <pre>

 Contingency table for Low clouds (octas)
 Selection: ALL    626 stations
Period: 20220822-20220912
Used {All hours} + 01 02 ... 12
 Limits    1.00000000       2.00000000       3.00000000       4.00000000       5.00000000       6.00000000       7.00000000    
 Each class is data <= limit, the very last > last limit
 Total number of values     2425882
                                              OBSERVATION
                                 942336    68568    52010    37223    35613    29735    51692    86087 |   1303264
                                  48884    10110     9381     7142     7340     6695    13021    21407 |    123980
                                  34292     7688     7472     5884     5821     5540    11360    17879 |     95936
                      MNWC_ref    29736     7483     7402     5705     6169     5940    12061    18145 |     92641
                                  25972     7565     7876     5970     6512     6279    12994    19341 |     92509
                                  24814     7668     8541     6600     7348     7587    15915    23854 |    102327
                                  29732     9817    10728     8544    10297    10503    24166    38657 |    142444
                                  55493    23552    28549    22747    28968    34643    86189   192640 |    472781

                    SUM         1191259   142451   131959    99815   108068   106922   227398   418010 |   2425882
                                              OBSERVATION
                                 937980    68044    51476    36560    35324    29683    51736    92918 |   1303721
                                  49669     9932     9318     7159     7130     6535    13309    22610 |    125662
                                  34308     7492     7482     5861     5748     5347    10953    18474 |     95665
                       MNWC_2h    29895     7422     7407     5798     5926     5671    11396    18490 |     92005
                                  25965     7414     7772     6022     6502     6198    12616    19349 |     91838
                                  25263     7930     8125     6751     7329     7412    15457    23782 |    102049
                                  30418     9949    11164     8531    10130    10474    24021    38073 |    142760
                                  57761    24268    29215    23133    29979    35602    87910   184314 |    472182

                    SUM         1191259   142451   131959    99815   108068   106922   227398   418010 |   2425882
                                              OBSERVATION
                                 943048    68477    52067    37255    35661    29888    52462    92171 |   1311029
                                  48828     9829     9201     7108     7196     6516    13212    22461 |    124351
                                  33463     7538     7380     5770     5714     5379    11028    18338 |     94610
                       MNWC_3h    29482     7439     7464     5786     5950     5732    11651    18549 |     92053
                                  25704     7219     7672     5856     6366     6161    12712    19825 |     91515
                                  25249     7896     8302     6724     7409     7431    15520    23789 |    102320
                                  29482     9902    11152     8288    10295    10442    24063    37946 |    141570
                                  56003    24151    28721    23028    29477    35373    86750   184931 |    468434

                    SUM         1191259   142451   131959    99815   108068   106922   227398   418010 |   2425882

