 <pre>

 Contingency table for 3h Precipitation (mm/3h)
 Selection: ALL    606 stations
Period: 20220822-20220912
Used {All hours} + 03 04 ... 12
 Limits   0.100000001      0.200000003      0.500000000       1.00000000       2.00000000       5.00000000       10.0000000       15.0000000       20.0000000    
 Each class is data <= limit, the very last > last limit
 Total number of values     2818445
                                                       OBSERVATION
                                2483304    25698    31390    17980    14477    11706     4500     1229       34       15 |   2590333
                                  31258     2149     3753     2827     2250     1587      545      110       11        4 |     44494
                                  33785     3099     5713     4995     4023     2862      848      240       30        8 |     55603
                                  19097     2225     4344     4425     4054     3248      944      278       25        6 |     38646
                      MNWC_ref    12417     1611     3274     4178     4920     4766     1394      395       56       11 |     33022
                                   9099      984     1975     2967     4640     8683     4060      935      176       62 |     33581
                                   3161      310      534      753     1424     3781     4325     1398      342      142 |     16170
                                    749       77      119      152      319      682     1069      792      329       96 |      4384
                                    210       33       32       59      103      191      267      215      135       76 |      1321
                                    222       21       40       69       79       90      142      105       83       40 |       891

                    SUM         2593302    36207    51174    38405    36289    37596    18094     5697     1221      460 |   2818445
                                                       OBSERVATION
                                2471600    25144    30896    18111    14703    11811     4585     1219       37       20 |   2578126
                                  34565     2346     3990     2939     2288     1670      480      127        7        0 |     48412
                                  38265     3243     5790     4905     3968     2909      848      232       14       10 |     60184
                                  21751     2444     4440     4582     4078     3259     1037      287       28       12 |     41918
                       MNWC_2h    13649     1647     3400     4027     4821     4984     1594      396       60       14 |     34592
                                   9191      987     1976     2919     4664     8520     4329      973      215       52 |     33826
                                   3056      290      499      696     1368     3494     3882     1516      379      102 |     15282
                                    792       66      125      153      276      681      932      688      296      119 |      4128
                                    248       25       30       57       85      194      290      191      141       74 |      1335
                                    185       15       28       16       38       74      117       68       44       57 |       642

                    SUM         2593302    36207    51174    38405    36289    37596    18094     5697     1221      460 |   2818445
                                                       OBSERVATION
                                2475494    25435    31186    18246    14856    12029     4665     1227       37       16 |   2583191
                                  33678     2296     3885     2947     2284     1551      455      125        4        3 |     47228
                                  36776     3206     5751     5112     3912     2870      864      234       25        8 |     58758
                                  20558     2274     4395     4458     4124     3206      931      285       17        8 |     40256
                       MNWC_3h    13275     1551     3316     3988     4828     4928     1604      442       54       11 |     33997
                                   9265     1036     1924     2696     4504     8515     4283      942      216       49 |     33430
                                   3141      291      571      704     1329     3449     3944     1421      345      125 |     15320
                                    734       78       92      153      309      733      980      737      314      108 |      4238
                                    201       23       29       53       90      205      237      204      142       82 |      1266
                                    180       17       25       48       53      110      131       80       67       50 |       761

                    SUM         2593302    36207    51174    38405    36289    37596    18094     5697     1221      460 |   2818445

