 <pre>

 Contingency table for Cloud cover (octas)
 Selection: ALL    405 stations
Period: 20220822-20220912
Used {All hours} + 01 02 ... 12
 Limits   0.500000000       1.50000000       2.50000000       3.50000000       4.50000000       5.50000000       6.50000000       7.50000000    
 Each class is data <= limit, the very last > last limit
 Total number of values     1534302
                                                       OBSERVATION
                                 155143    36905    28214    17163    10749    11953    10800    12500    15900 |    299327
                                  37870    11937    11066     9574     6886     8236     9012    12079    17391 |    124051
                                  19624     6825     6495     5897     4601     5941     6761     9604    14998 |     80746
                                  15165     5293     5305     4839     3990     5242     6529     9323    15503 |     71189
                      MNWC_ref    13372     4897     5019     4746     4015     5575     7083     9923    17435 |     72065
                                  12027     4761     4865     4821     4170     5902     8066    11649    20933 |     77194
                                  12876     5077     5070     5209     4738     6854     9994    14802    28069 |     92689
                                  16550     6450     6493     6853     6254     9612    14576    24200    49825 |    140813
                                  27673    13740    11871    13885    12564    22271    38779   101364   334081 |    576228

                    SUM          310300    95885    84398    72987    57967    81586   111600   205444   514135 |   1534302
                                                       OBSERVATION
                                 157261    37713    27778    17389    10941    11940    10738    12969    17524 |    304253
                                  37442    11963    11175     9372     7065     8066     8889    12159    18606 |    124737
                                  19224     6604     6540     5794     4521     5758     6540     9796    15872 |     80649
                                  14828     5219     5492     4850     3892     5276     6211     9258    15886 |     70912
                       MNWC_2h    12898     4957     4959     4766     4066     5480     6819    10218    17561 |     71724
                                  11989     4674     4736     4786     4218     5922     7866    11594    20797 |     76582
                                  12922     4972     5255     5229     4616     6875    10006    14739    28439 |     93053
                                  16026     6417     6583     7054     6356     9805    14538    24157    49870 |    140806
                                  27710    13366    11880    13747    12292    22464    39993   100554   329580 |    571586

                    SUM          310300    95885    84398    72987    57967    81586   111600   205444   514135 |   1534302
                                                       OBSERVATION
                                 159964    37975    28082    17548    11119    12136    11025    13314    17627 |    308790
                                  37267    11968    11264     9453     6984     8392     8796    12040    18492 |    124656
                                  18786     6603     6453     5772     4668     5786     6640     9792    15615 |     80115
                                  14502     5262     5478     4714     4012     5241     6217     9321    15804 |     70551
                       MNWC_3h    12799     4969     4892     4806     4073     5498     6961    10274    17698 |     71970
                                  11752     4573     4805     4751     4183     5881     7889    11735    21290 |     76859
                                  12273     5017     5235     5295     4676     6932     9918    14820    28194 |     92360
                                  15829     6211     6433     6932     6270     9637    14700    24230    50445 |    140687
                                  27128    13307    11756    13716    11982    22083    39454    99918   328970 |    568314

                    SUM          310300    95885    84398    72987    57967    81586   111600   205444   514135 |   1534302

