 <pre>

 Contingency table for 6h Precipitation (mm/6h)
 Selection: ALL    687 stations
Period: 20220822-20220912
Used {All hours} + 06-00 07-01 08-02 09-03 10-04 11-05 12-06
 Limits   0.100000001      0.200000003      0.500000000       1.00000000       2.00000000       5.00000000       10.0000000       20.0000000       35.0000000    
 Each class is data <= limit, the very last > last limit
 Total number of values     2039904
                                                       OBSERVATION
                                1696870    23592    29062    16402    12722    10529     5021     2159      176        7 |   1796540
                                  28981     2284     3752     2738     2264     1588      577      286       22        1 |     42493
                                  32462     3130     5645     4953     4114     3094     1021      457       47        4 |     54927
                                  18861     2120     4325     4404     4222     3673     1141      429       61        5 |     39241
                      MNWC_ref    12802     1611     3571     4427     5156     5108     1506      676       91        5 |     34953
                                   9662     1217     2332     3401     5193     8631     4172     1777      212       21 |     36618
                                   3779      410      583      834     1645     4222     5139     2959      402       26 |     19999
                                   1855      134      260      253      564     1452     2569     4105      940      107 |     12239
                                    370       21       53       54      111      208      307      760      557       63 |      2504
                                     74        6       15       16       24       45       45       94       58       13 |       390

                    SUM         1805716    34525    49598    37482    36015    38550    21498    13702     2566      252 |   2039904
                                                       OBSERVATION
                                1686227    23161    28464    16258    12919    10628     5039     2153      150       13 |   1785012
                                  31349     2218     3891     2883     2178     1639      585      303       31        2 |     45079
                                  35786     3190     5683     4828     4237     3181     1061      449       62        2 |     58479
                                  21564     2411     4492     4618     4339     3602     1188      414       58        3 |     42689
                       MNWC_2h    14644     1851     3749     4392     5006     5145     1683      716      100        4 |     37290
                                  10201     1165     2367     3309     5096     8609     4420     1998      246       14 |     37425
                                   3790      381      639      889     1559     4090     4824     3259      390       22 |     19843
                                   1800      119      253      247      559     1442     2382     3610      983       79 |     11474
                                    289       21       49       46      105      193      293      747      504       86 |      2333
                                     66        8       11       12       17       21       23       53       42       27 |       280

                    SUM         1805716    34525    49598    37482    36015    38550    21498    13702     2566      252 |   2039904
                                                       OBSERVATION
                                1690134    23360    28677    16358    13143    10899     5130     2204      162       10 |   1790077
                                  30401     2295     3831     2824     2128     1633      621      279       24        3 |     44039
                                  34959     3166     5683     5065     4134     3152      980      439       35        1 |     57614
                                  20385     2316     4407     4530     4463     3525     1106      447       44        9 |     41232
                       MNWC_3h    13860     1636     3640     4359     4949     5185     1686      748       70        8 |     36141
                                  10025     1139     2358     3115     4981     8418     4475     1934      249       16 |     36710
                                   3794      450      694      896     1549     4080     4747     3084      435       22 |     19751
                                   1784      136      255      266      567     1405     2400     3784      978       82 |     11657
                                    303       21       47       61       84      220      315      702      523       80 |      2356
                                     71        6        6        8       17       33       38       81       46       21 |       327

                    SUM         1805716    34525    49598    37482    36015    38550    21498    13702     2566      252 |   2039904

