 <pre>

 Contingency table for Rh2m (%)
 Selection: ALL   1058 stations
Period: 20220822-20220912
Used {All hours} + 00 01 ... 12
 Limits    30.0000000       50.0000000       65.0000000       75.0000000       85.0000000       95.0000000       100.000000    
 Each class is data <= limit, the very last > last limit
 Total number of values     6225111
                                              OBSERVATION
                                   8327    11565      229       11        2        0        0        0 |     20134
                                   4761   350260   207947    18904     5086     1778      184        0 |    588920
                                    130    88056   718871   349817   106714    32836     5554        0 |   1301978
                      MNWC_ref        3     5163   149378   478816   361366   127233    25961        0 |   1147920
                                      0     1020    27361   177479   543563   404818   102565        0 |   1256806
                                      0      123     5771    38039   225861   673838   364438        0 |   1308070
                                      0        2      463     3884    32878   164207   383167        0 |    584601
                                      0        0        0       26      806     2843    13007        0 |     16682

                    SUM           13221   456189  1110020  1066976  1276276  1407553   894876        0 |   6225111
                                              OBSERVATION
                                   8393    14949      463       53        6        2        0        0 |     23866
                                   4684   333869   176678    18250     5944     2251      289        0 |    541965
                                    139   100349   721798   320182   100709    33784     6739        0 |   1283700
                       MNWC_2h        5     5623   172410   497649   361651   127465    27994        0 |   1192797
                                      0     1192    31079   184143   550446   424468   107669        0 |   1298997
                                      0      199     6930    42045   222429   662212   371680        0 |   1305495
                                      0        8      662     4610    34357   155137   370837        0 |    565611
                                      0        0        0       44      734     2234     9668        0 |     12680

                    SUM           13221   456189  1110020  1066976  1276276  1407553   894876        0 |   6225111
                                              OBSERVATION
                                   8879    17577      753       67        8        4        0        0 |     27288
                                   4172   339095   197814    21613     7360     3023      406        0 |    573483
                                    166    92883   712325   334985   108347    36604     7639        0 |   1292949
                       MNWC_3h        4     5396   162111   486771   363005   130632    29032        0 |   1176951
                                      0     1071    30149   178841   542880   421468   107820        0 |   1282229
                                      0      162     6303    40212   219845   658503   370097        0 |   1295122
                                      0        5      563     4439    34039   154828   369558        0 |    563432
                                      0        0        2       48      792     2491    10324        0 |     13657

                    SUM           13221   456189  1110020  1066976  1276276  1407553   894876        0 |   6225111

