 <pre>

 Contingency table for Visibility (m)
 Selection: ALL    719 stations
Period: 20220822-20220912
Used {All hours} + 00 01 ... 12
 Limits    1000.00000       5000.00000       10000.0000       20000.0000    
 Each class is data <= limit, the very last > last limit
 Total number of values     3807657
                                     OBSERVATION
                                  10814     6440     4301     7475    11724 |     40754
                                  25560    38399    48792    84346   115732 |    312829
                      MNWC_ref    10096    22128    40567   103915   190005 |    366711
                                   6616    20288    51389   200154   621380 |    899827
                                   8849    19622    79207   406614  1673244 |   2187536

                    SUM           61935   106877   224256   802504  2612085 |   3807657
                                     OBSERVATION
                                  10037     5350     3819     7082    10386 |     36674
                                  24540    36879    47304    82679   109171 |    300573
                       MNWC_2h    10923    23227    39673   100471   184217 |    358511
                                   7170    20958    52908   206440   647068 |    934544
                                   9265    20463    80552   405832  1661243 |   2177355

                    SUM           61935   106877   224256   802504  2612085 |   3807657
                                     OBSERVATION
                                  10261     5707     3825     6942    10881 |     37616
                                  24408    36448    46455    80891   108614 |    296816
                       MNWC_3h    10637    22748    38822    98484   179527 |    350218
                                   7482    20885    51811   201840   634343 |    916361
                                   9147    21089    83343   414347  1678720 |   2206646

                    SUM           61935   106877   224256   802504  2612085 |   3807657

